1
10
100
102
103
104
105
106
107
108
109
111
114
115
116
117
118
120
121
122
123
124
125
126
127
128
129
13
132
133
134
136
137
138
14
140
142
144
147
148
149
15
151
152
153
154
155
157
158
159
16
160
161
162
164
165
166
167
168
169
17
171
173
175
176
177
178
179
18
180
181
182
183
184
185
186
187
189
19
191
192
193
194
195
197
198
200
202
204
205
207
208
209
21
210
212
213
214
215
216
217
218
219
22
222
223
224
226
228
229
23
230
231
233
235
236
237
238
239
24
240
241
242
243
244
245
246
247
248
249
25
250
251
252
253
255
257
259
26
260
261
263
265
268
269
270
271
272
275
276
277
278
279
28
280
281
282
283
284
285
286
287
288
289
29
290
291
293
295
296
297
298
299
3
30
300
301
302
303
304
306
307
309
31
311
312
313
314
315
316
317
318
319
32
320
321
322
323
324
325
326
327
328
329
33
330
332
333
334
335
336
337
338
339
34
340
341
342
343
344
345
347
348
349
35
351
352
354
355
356
357
359
36
360
361
362
363
364
366
367
368
369
37
372
373
374
375
376
379
38
380
39
4
40
42
43
44
45
47
48
49
5
50
53
54
55
57
58
59
6
60
61
63
64
65
66
67
7
70
71
73
74
75
76
77
78
79
8
80
81
82
84
86
87
89
9
91
93
94
95
96
97
98
99
