1
100
101
102
103
107
108
109
11
110
111
112
113
114
115
116
117
118
120
121
123
125
126
127
128
129
13
131
132
133
136
137
138
139
14
140
141
142
143
145
146
147
148
151
153
154
156
157
158
159
16
160
161
164
165
166
167
168
169
17
170
171
172
173
174
175
176
179
18
180
181
182
183
184
185
186
187
188
189
19
190
191
192
193
194
195
20
21
22
23
24
26
27
28
29
3
30
31
32
33
34
35
36
37
38
4
40
41
42
43
44
45
46
47
49
5
50
52
53
54
55
56
57
6
60
62
63
64
65
66
67
68
69
70
73
74
75
76
77
78
8
80
81
82
84
85
86
88
89
90
92
94
95
96
98
99
