1
10
100
101
102
105
106
107
108
109
11
110
111
112
113
114
115
116
117
118
119
12
120
122
124
125
127
129
13
130
131
132
133
134
135
136
137
138
14
141
143
144
145
146
147
148
149
15
152
153
154
155
156
157
158
159
160
161
162
164
166
167
168
169
170
173
174
175
176
177
178
179
180
181
182
186
187
188
19
190
191
194
195
196
197
198
199
2
200
202
203
204
205
206
207
208
209
21
210
211
212
215
216
217
218
219
22
220
221
222
223
224
225
228
229
23
231
232
233
234
235
236
237
238
239
24
240
241
243
244
245
247
248
250
251
252
253
254
255
256
258
259
26
260
261
262
263
264
265
266
267
268
269
27
270
271
272
273
274
278
279
28
280
281
283
284
285
286
287
288
289
29
290
291
293
296
297
299
3
302
303
305
306
307
308
310
311
312
315
316
317
318
319
32
320
321
322
323
325
327
328
329
33
330
331
332
333
334
335
336
337
338
339
34
340
344
347
349
35
350
351
353
356
357
358
359
36
360
361
362
363
364
365
367
368
369
370
371
372
373
375
376
377
378
379
38
380
381
382
383
384
385
386
387
388
391
392
393
394
395
396
397
398
4
40
400
401
402
403
404
405
406
407
408
41
410
411
414
415
417
418
419
42
420
421
422
423
424
425
427
428
429
430
433
434
436
437
438
439
44
441
442
443
444
445
446
447
450
451
452
453
454
455
456
457
458
459
46
460
461
462
463
465
466
468
47
470
471
472
473
474
475
476
477
478
479
48
480
481
482
483
484
485
487
488
49
490
491
492
493
495
497
498
499
5
50
500
501
502
503
504
505
506
507
508
509
51
510
511
513
514
515
516
518
519
52
520
523
524
526
527
528
529
53
530
531
532
534
535
536
537
538
539
54
540
541
542
543
544
545
546
547
548
549
55
550
551
552
556
557
558
559
560
561
562
563
564
566
567
568
569
57
570
571
572
574
575
576
578
579
58
580
582
583
584
586
587
588
589
59
590
591
592
593
595
596
597
598
599
6
60
600
602
603
604
605
606
609
61
610
611
612
62
63
66
67
69
7
70
71
72
75
76
77
79
8
80
82
83
84
85
87
88
89
91
95
97
98
99
